[1.90095734e+05 1.82152467e+05 5.00500617e+01 5.80789027e+05
 5.61838547e+05 3.59715538e+01]
[4.20882763e+04 3.73822607e+04 4.28749074e+01 2.70133116e+05
 2.40376502e+05 2.88118816e+01]
[1.90856661e+04 1.81356839e+04 4.39363286e+01 1.78882577e+05
 1.68862482e+05 2.96136643e+01]
[1.10081760e+04 1.04146415e+04 4.30512320e+01 1.33263649e+05
 1.25699416e+05 2.63702678e+01]
[8.67022555e+03 7.00471678e+03 4.16662950e+01 1.14125462e+05
 9.41262399e+04 2.55923346e+01]
[6.04557415e+03 6.38956688e+03 4.20406287e+01 8.84220555e+04
 9.17229987e+04 2.51974602e+01]
[4.81153467e+03 4.42224865e+03 4.23754904e+01 7.69328018e+04
 7.10109408e+04 2.42152492e+01]
[ 0.97062463  0.98118399 68.40113799  1.30857619  1.31139691  7.31488094]
[ 0.75343149  0.73285468 54.03115373  0.90540503  0.78220917  8.04674703]
[ 0.98628307  0.88744102 43.89140779  2.29361895  2.17671142 15.88922754]
[3.93936875e+02 3.85319927e+02 3.70867973e+01 1.88186487e+04
 1.79370834e+04 1.61844287e+01]
[ 0.69992542  0.60994051 42.33453704  0.77821192  0.71546467  8.7802354 ]
[2.96196046e+03 2.33446424e+03 4.13936013e+01 5.99569731e+04
 4.76854440e+04 2.18396846e+01]
[ 0.56001114  0.55255342 32.563441    1.20228395  1.20052511 15.69796491]
[9.88541359e+02 9.55566932e+02 3.96467395e+01 3.17949207e+04
 3.02168897e+04 1.86528742e+01]
[3.10579791e+03 3.38592099e+03 4.20749975e+01 5.82815482e+04
 6.21119560e+04 2.25992071e+01]
[ 0.78239293  0.75122928 33.60306584  0.46635724  0.47095995  6.2390133 ]
[ 0.74259084  0.75271113 23.67099383  2.54967015  2.5243355  21.47966693]
[ 0.71179042  0.65930594 25.64682817  0.2723678   0.25677691  5.9124482 ]
[ 0.7095623   0.725085   24.54188368  1.03049639  1.15554906 11.8952807 ]
[1.79337724e+03 1.85520521e+03 4.10925285e+01 4.28555785e+04
 4.34108469e+04 2.07176241e+01]
[ 1.77469524  1.65647236 12.59640432  0.61698326  0.56262403  3.43100918]
[ 0.69883023  0.63725605 18.49465278  1.36272595  1.36492823 14.8115846 ]
[ 0.51204187  0.43809089 19.05152357  0.18022405  0.14519806  7.05201565]
[ 0.41476738  0.34598366 14.22717207  0.27194611  0.26107328 10.68842616]
[0.40953518 0.33041946 8.20197531 0.11148368 0.10422174 4.65614077]
[0.3909506  0.31122398 9.81064815 0.28930578 0.26270004 9.13715866]
[0.25155287 0.38938322 4.38575103 0.13962627 0.15524065 4.95316735]
[0.23623557 0.23487453 2.00808642 0.15398143 0.15069954 1.92849818]
[9.40401631e-06 9.19267248e-06 3.91691447e-05 6.09445918e-06
 5.52503894e-06 4.66515601e-05]
