1: [ 11.28500557   7.33351707   6.59371567  11.59628773  37.86310196
  38.43513489  17.75634003   9.56541729  47.38092422  27.79878807
  12.46784306  17.97794914  53.36935043  36.43127441  13.72491741
  14.37449455 103.15361786  39.83370209   6.88809252   4.50257254
   8.18669605   8.08232307  15.03619957  42.94321823  27.14332962
   8.28886414   3.6694231    4.54116154  12.43366432  15.03472996
  19.15141487  23.17585373  18.38607216   9.93954468   4.83682489
   8.51414967  43.95920563  59.6152153   31.76203537  17.46857834
  61.22289658  22.44910049   7.59886074  21.54759216 103.9977951
 101.49448395  24.42080116  15.23943424 140.34931946  53.86548996
   4.72418213   5.22969484  14.4562664   13.43237782  13.29841995
  51.69055557  47.29970551  10.07846355   5.13322306   8.52921677
  18.66078568  20.30338097  17.82910728  20.82781982  23.26534271
  17.57184792   9.72601986   8.25082684  23.67677307  37.31771469
  23.9077549   17.77251053  26.52278519   7.94211674   4.82065439
   7.88349867  72.69165802 125.20911407  75.49834442  35.06707001
 131.09555054  23.29419327   6.16703415   4.51764059  10.19717026
  33.10069656  58.63156891  99.10400391  38.26461029  16.74384499
  14.06615257  14.15141487  16.80099297  13.38441753   8.94744587
  14.56633568  17.34748268  15.85317898  12.07184887   8.06633568
   9.53601646  10.54171276   9.84288883  10.69863987  17.28408623
  16.8640213   14.99246597  12.00496101  17.5529213   29.57681084
  25.39893341  15.70764446  31.21462631  21.67548752  14.89140034
  10.75082684  12.54832745  17.37137032  22.96214676  26.70084572
  15.50863647  16.61723709  13.98456478  11.09261322  10.71958828
   7.77122402   6.67217922   7.97280407]
2: [ 15.15118122  37.75968552  60.4976387   37.45732117  15.06614208
   8.21984291   7.46519709   9.16881847  24.20755959  51.23905563
  68.39621735  42.07842636  19.99464607  13.26677132  13.3445673
  15.52503967  19.8481884   38.40126038  52.96881866  37.52629852
  22.63622093  19.30834579  17.33795357  14.27244091  17.55338669
  28.60913467  36.27054977  23.44441032  14.5269289   11.23433113
  10.80346489  12.25669289  32.25008011  31.87747955  54.50992203
  51.99496078  31.03495979  14.55874062   6.92472458   8.43433094
 121.50708771  51.23590469  33.40629959  21.15244102  13.74141693
  21.89070892  38.39685059  81.411026    29.28755951  19.05700874
  21.16913414  36.7826767   77.61889648  85.33228302  57.51684952
  36.57322693  26.80125999  33.23842621  30.31244087  22.01354408
  24.12063026  20.5537014   18.52598381  20.45889854  37.34771729
  12.08850384  10.67559052  22.33322906  32.65165329  33.10078812
  26.94740105  21.70614243 123.06866455  87.15968323  43.70078659
  24.11495972  12.89291382  12.09291363  14.68157482  38.11968613
  29.65511894  37.18740082  61.58141708  88.43495941  77.18834686
  31.26488113  12.98299217  14.34645653  26.67464638  23.58614159
  20.29858208  22.54992104  24.92724419  19.25196838  20.25102425
  24.5256691   15.79622078  10.05196857   9.01417351  11.0771656
  17.63968468  22.40503883  24.00755882  19.75527573  33.43464661
  28.90456772  21.8762207   16.97952843  16.29574776  18.96188927
  23.52377892  26.93669319  23.36252022  22.51716614  27.34834671
  26.4859848   18.76220512  16.58771706  20.02173233  23.01921272
  18.84881973  15.43999958  14.2031498   13.00661373  12.29480362
  13.04125977  16.67873955  19.3341732 ]
3: [ 17.57517242  18.1128273   15.99062061  16.41820717  14.81599998
   9.81379318   8.81544781  11.5886898   36.971035    22.01379395
  14.38703442  13.11779308  11.77737904  13.31724167  28.19503403
  46.91255188  27.7423439   15.31200027  11.12717247   9.10372448
   9.85517216  22.15724182  53.70013809  52.42565536  18.78786278
  11.09324169   9.13434505   8.23806858  11.14455128  20.35172462
  35.50648117  32.09186172  43.74317169  21.63806915  19.47282791
  22.22813797  21.04662132  13.26317215   8.78896523  15.18951702
 127.04413605  33.68441391  10.04606915   7.61848259   6.3947587
  13.95337963  53.79613876 112.83116913  33.90620804  12.58620644
  14.07751751  25.46951675  34.07310486  70.41545105 101.51558685
  77.95310211  18.05710411  14.41544819  18.432827    21.76082802
  24.19172478  36.57544708  46.86703491  32.53875732  45.4802742
  14.79006863   8.6971035   13.89489651  21.23034477  21.27144814
  20.29931068  22.04055214 127.8664856  110.14399719  51.15558624
  15.13048267   6.18151712   7.33903456  10.70206928  36.21627426
  33.8604126   69.39089966 100.3735199   79.23861694  34.66951752
  22.54841423  14.14096546  13.67558575  18.36551666  30.8915863
  48.09903336  39.86841202  23.54372406  18.67420769  16.69765472
  14.30675888  18.68882751  11.80165482   9.12082767   9.43420696
  13.69130993  15.8206892   16.87999916  19.13627625  39.39530945
  46.49848175  28.82041359  13.47089672  11.24386215  12.4822073
  14.75696564  22.39337921  26.94648361  46.18317413  51.25682831
  25.26924133  10.63724136   9.03172398  12.4179306   16.80331039
  18.07475853  28.32082748  32.35062027  20.60055161  11.48882771
   8.75034523  10.77103424  12.50979328]
4: [ 38.90970993  11.96560287   3.52274275   3.10703778   6.36026239
   1.71509397   1.05793166   4.94297361 158.37927246  35.62208557
   2.19054079   0.79248697   1.18578863   0.45530662   0.57252771
  25.9477253  101.32020569  16.13396645   2.90540838   3.15727544
   5.2968998    2.91446018   3.01154113  22.22018623   9.86535454
   4.58429527   3.05861044   3.9332428    6.69314337   3.90540838
   3.47001576   5.4609642   62.93256378  10.42950916   3.04276991
   4.09142351   9.13487244   3.0090518    1.61575019   8.20570278
 186.20751953  27.89250946   1.44512331   0.99660558   1.95745647
   1.07037795   1.18443084  50.30482101 144.84249878  14.00497818
   4.3000679    7.16021729  11.70151615   7.757864     7.08327675
  35.98958969  14.87779999   7.07445145   4.70468426   5.91016054
   9.1665535    4.95632505   4.72029877   7.49219275  63.2276535
   7.80787516   1.70151615   3.18035746   8.93980503   3.97691774
   3.00384712  10.57071781 185.90156555  48.50260162   1.14166105
   0.94998866   1.87961078   1.03665984   1.36569357  29.22629547
 143.97035217  34.28287125   7.2480197    8.27064991  12.25594044
   6.65738869   3.86580682  14.41819382  14.94048405   7.10613251
   4.95225143   5.34985304   9.07490349   5.30414104   4.20773935
   7.32925987  40.03326416   4.63068581   1.03779137   1.68884361
   5.75537443   2.98053861   3.73206615  12.45960617 157.78819275
  24.24123192   0.50101835   0.47544694   1.16859019   0.74949086
   2.20049787  37.07558441  99.01018524  20.2462101    3.0907445
   3.18103647   6.05250072   3.30866718   2.85245538  16.23217964
  10.18578911   5.0907445    3.33491731   3.86693811   6.97918081
   3.76306868   2.8334465    4.79520273]
5: [ 15.24886322  17.49545479  15.56174278  14.38674259  11.88863659
   9.49507618   9.24166679  10.86363602  28.97689438  19.39015198
  13.12727261  11.87159061  11.98560619  16.53750038  27.0522728
  31.43446922  21.14962196  17.13257599  12.67916679  10.89999962
  14.79545498  25.32689476  31.2863636   24.83977318  18.75530243
  15.32121181  11.7098484    9.1109848    8.94128799  10.66174221
  14.85909081  18.9094696   42.49166489  21.09090996  18.82083321
  19.72007561  19.21780396  17.29962158  12.3829546   17.44318199
 123.36174011  29.37992477   8.0704546    6.53598499   8.9776516
  25.51742363  59.1734848   96.79204559  26.5          9.68181801
   7.0090909   18.32916641  65.5708313   98.02992249  79.28522491
  42.59962082  24.23295403  16.58977318  12.82310581  13.03939438
  21.39848518  27.77537918  28.4859848   29.29166603  39.02954483
   7.36325741   5.46931839  10.19621181  17.88560677  36.87802887
  58.74810791  47.67272568 127.54090881  65.85909271  20.70492363
  14.07613659  10.38598442  15.69393921  37.34848404  76.38105774
  35.98030472  30.56893921  35.27083206  61.6530304   80.81666565
  55.89545441  30.08977318  22.54924202  19.97613716  12.63446999
  11.46439362  15.03712082  25.91666603  31.07613564  39.26628876
  34.15265274  21.67954636   7.29166651   4.97121191   4.2973485
   7.4867425   26.33977318  67.76628876  59.57083511  36.31477356
  13.41060638   9.80946922   9.31477261  13.342803    28.86022758
  69.28712463  76.00265503  18.26969719  12.5825758   14.18219662
  18.01098442  26.4011364   38.27651596  49.05416489  35.66439438
  12.94053078   8.78712082   9.68636322  11.44090939  16.54545403
  25.60606003  35.56098557  24.91553116]
6: [ 13.9256773   11.05677128  11.28038979  10.14799595   9.53456116
   7.38396549   8.9300108   11.07670593  65.19198608  30.72567749
  13.16988087   9.40021706  11.10487556   7.6725893   10.44225311
  24.10682487 106.44095612  34.73586273   4.33651161   2.50400877
   3.55536294   4.84572029  14.14951229  49.77399826  27.86045456
   5.92936087   2.20845079   3.34864569   8.48797417   9.19436646
  17.38114929  29.01646805  17.64420319  11.38439846  13.11657619
  11.14517879  11.46153831  17.77616501  32.14994431  23.74106216
  89.71051025  39.43445206  23.63921928  21.92675972  22.39870071
  28.93997765  40.76944733  33.56988144 146.70574951  65.68017578
   7.07800627   3.63250279   3.69685817   4.24528694  11.62816906
  59.27172089  51.22491837  10.0556879    4.28602362   7.64398718
  13.61581802  12.08450699  13.77269745  20.45243835  22.04008675
   7.56511354   6.92112684   6.24658728   6.82296848  19.83900261
  65.91072845  50.06890488  38.59284973   6.70010853   5.607584
   6.70639229  10.33044434  45.76467896 121.75319672 103.40802002
 135.33023071  18.48667336   5.76901388   3.80390024   3.31895995
   7.81581783  61.63597107 131.06587219  37.1716156   13.08602428
  11.84875393  12.12676048  12.73499489   7.69057417   5.85785484
  15.68103981  23.52936172   8.80151653   7.53564453   3.74236178
   3.36858082   7.45460463  31.99674988  39.17421341  30.57941437
  13.66977215  12.20910072   5.58461523   3.85417128   8.61408424
  44.10725784  54.91159439  29.57443047  16.14994621  13.56901455
   8.74452877   6.43315268   6.01798487  20.9228611   39.7605629
  11.81646824  10.20108318  11.23596954   9.5289278    8.51549339
   4.63380289   4.8067174    7.43076944]
7: [3.09867954e+00 2.96038914e+00 4.94649076e+00 1.90548992e+00
 1.78318274e+00 2.81028485e+00 9.45100784e+00 4.77067423e+00
 1.61820717e+01 1.55441275e+01 2.63641415e+01 1.12077827e+01
 1.02876997e+01 1.57157745e+01 4.84760246e+01 2.48749123e+01
 4.08617109e-01 4.17651147e-01 8.82557333e-01 3.23835999e-01
 2.89089650e-01 4.64211255e-01 1.61987495e+00 6.19179964e-01
 0.00000000e+00 0.00000000e+00 0.00000000e+00 2.08478118e-03
 1.32036135e-02 3.61362062e-02 8.33912473e-03 6.94927061e-04
 2.98582344e+01 2.93015976e+01 4.89979134e+01 1.83224468e+01
 1.66553154e+01 2.49770679e+01 7.79902725e+01 4.31501045e+01
 9.89562225e+01 1.06350937e+02 1.20693535e+02 8.00813065e+01
 6.68811646e+01 1.06182762e+02 1.64074356e+02 1.42354416e+02
 3.87699795e+00 3.86379433e+00 8.20847797e+00 3.33425999e+00
 2.93398190e+00 3.69840169e+00 1.21320362e+01 5.66435003e+00
 6.25434332e-03 0.00000000e+00 0.00000000e+00 0.00000000e+00
 9.03405156e-03 8.75608027e-02 3.61362062e-02 1.25086866e-02
 1.38617096e+01 1.35503826e+01 2.25295353e+01 7.93954134e+00
 7.13481569e+00 1.06560116e+01 3.33808212e+01 1.93425999e+01
 4.96018066e+01 5.29305077e+01 6.33349533e+01 3.85830421e+01
 3.08804722e+01 4.77991676e+01 8.47519073e+01 7.04169540e+01
 1.63446844e+00 1.59416258e+00 3.45934677e+00 1.37109101e+00
 1.15496874e+00 1.38707435e+00 4.51216125e+00 2.27658105e+00
 9.72897839e-03 1.38985412e-03 0.00000000e+00 0.00000000e+00
 0.00000000e+00 1.25086866e-02 6.25434332e-03 5.55941649e-03
 3.47463507e-03 1.45934680e-02 1.52883949e-02 6.94927061e-04
 0.00000000e+00 0.00000000e+00 6.94927061e-04 2.08478118e-03
 6.94927061e-04 6.94927014e-03 2.22376660e-02 3.47463507e-03
 0.00000000e+00 0.00000000e+00 0.00000000e+00 1.38985412e-03
 1.38985412e-03 2.08478118e-03 6.94927061e-04 0.00000000e+00
 0.00000000e+00 0.00000000e+00 0.00000000e+00 0.00000000e+00
 0.00000000e+00 0.00000000e+00 0.00000000e+00 0.00000000e+00
 0.00000000e+00 0.00000000e+00 0.00000000e+00 0.00000000e+00]
8: [0.00000000e+00 6.00600615e-03 0.00000000e+00 0.00000000e+00
 0.00000000e+00 0.00000000e+00 0.00000000e+00 0.00000000e+00
 2.47477474e+01 2.49549541e+01 4.12252235e+01 1.55825825e+01
 1.66681690e+01 2.27207203e+01 4.75585594e+01 2.83228226e+01
 2.40840836e+01 2.51921921e+01 4.25390396e+01 1.63108101e+01
 1.76336346e+01 2.34534531e+01 4.86696701e+01 2.79054050e+01
 0.00000000e+00 0.00000000e+00 0.00000000e+00 0.00000000e+00
 0.00000000e+00 0.00000000e+00 0.00000000e+00 0.00000000e+00
 0.00000000e+00 9.90990996e-02 0.00000000e+00 0.00000000e+00
 0.00000000e+00 0.00000000e+00 0.00000000e+00 0.00000000e+00
 9.56651688e+01 1.14396393e+02 1.34100601e+02 8.32897873e+01
 7.34489517e+01 9.19279251e+01 1.29507507e+02 1.07336334e+02
 9.49924927e+01 1.13695198e+02 1.34852859e+02 8.59399414e+01
 7.52507477e+01 9.37207184e+01 1.30702698e+02 1.06650146e+02
 0.00000000e+00 0.00000000e+00 0.00000000e+00 0.00000000e+00
 0.00000000e+00 0.00000000e+00 0.00000000e+00 0.00000000e+00
 0.00000000e+00 0.00000000e+00 0.00000000e+00 0.00000000e+00
 0.00000000e+00 0.00000000e+00 0.00000000e+00 0.00000000e+00
 4.19969988e+00 5.77777767e+00 9.09459496e+00 3.27927923e+00
 3.02402401e+00 2.70270276e+00 5.13363361e+00 3.15765762e+00
 3.81831837e+00 4.80630636e+00 8.75975990e+00 3.86486483e+00
 3.50750756e+00 2.74624634e+00 5.43993998e+00 3.27477479e+00
 0.00000000e+00 0.00000000e+00 0.00000000e+00 0.00000000e+00
 0.00000000e+00 0.00000000e+00 0.00000000e+00 0.00000000e+00
 0.00000000e+00 0.00000000e+00 0.00000000e+00 0.00000000e+00
 0.00000000e+00 0.00000000e+00 0.00000000e+00 0.00000000e+00
 0.00000000e+00 0.00000000e+00 0.00000000e+00 0.00000000e+00
 0.00000000e+00 0.00000000e+00 0.00000000e+00 0.00000000e+00
 0.00000000e+00 0.00000000e+00 0.00000000e+00 0.00000000e+00
 0.00000000e+00 0.00000000e+00 0.00000000e+00 0.00000000e+00
 0.00000000e+00 0.00000000e+00 0.00000000e+00 0.00000000e+00
 0.00000000e+00 0.00000000e+00 0.00000000e+00 0.00000000e+00]
9: [ 42.24242401  35.69327927  16.3270092   11.04084301  10.93438721
   6.83504629   5.3741765   12.14782619  92.70223999  44.98867035
  10.62055302   8.16996002  22.01054001  24.81053925  16.86350441
  38.9826088   15.14361      8.64743042   8.24189758  22.82555962
  77.1330719   65.47589111  19.657444    13.944664    14.08115959
  12.596838    10.30039501  14.29907799  26.53412437  20.51330757
  10.27957821  10.38735199  61.62397766  29.35098839  15.3494072
  14.9628458   17.76548004  14.22345161   8.44137001  13.83056641
 136.41687012  52.99921036   9.46640301   7.3330698   20.22187042
  27.65322876  15.80816841  67.59604645  33.81791687   9.2967062
   8.23030281  36.39393997 125.77233124 104.69723511  22.7544136
  22.77812958  15.58155441  13.81501961  10.9602108   18.07562637
  47.46798325  33.08774567  15.00527     14.05401802  46.81607437
  16.8097496    7.66113329  10.6150198   17.59710121  21.12094879
  18.12094879  21.19420242 132.86218262 110.49459839  58.31673431
  27.35836601  11.90592861   7.2837944    6.7006588   24.09986877
  24.17918396  43.43583679  72.79393768 103.7301712  100.02819824
  27.55520439   6.1098814    6.87957859  15.3277998   14.75494099
  15.25191021  25.13623238  38.66772079  24.44611359  15.43978882
  14.09222698  16.95309639  11.63952541   8.090909     9.29354382
  13.4100132   15.060606    14.1826086   15.16811562  32.44769287
  41.61738968  28.70750999  16.03741837  12.27351761  12.4974966
  12.599473    17.15546799  21.84690475  29.39578438  35.00447845
  29.92147636  18.53201675  13.08432102  11.84822178  14.59789181
  14.91541481  14.02661419  12.97812939  13.80922222  16.19736481
  14.02582359  11.45375538  12.05032921]
10: [ 23.76652527  32.16619873  25.98593521   9.55461788   5.08649778
   4.66736984   7.83286428  10.55485249  34.12752151  50.7531662
  39.98101425  12.35677433   5.44069386   6.82559776  11.95452404
  15.98874855  40.02766037  42.0977478   20.32794189   7.26980782
   6.80379725   9.21565914  14.01054859  20.47937202  14.31083012
   7.5991559    5.09024858   5.63361454   9.50304699  10.87834072
  12.87646484  13.17088604  24.16502571  41.73652267  55.11579895
  24.87529373   8.80825138   6.8206749    7.23886538   9.86146259
  44.014534    92.33778381 111.73605347  59.27871704  14.93014526
   7.83239555   5.92217541   8.48804474 140.0602417  123.10102844
  52.05016327   9.86099434   3.7135489    4.27730894   6.79137373
  24.2011261   40.79747009  13.55602455   5.67135477   8.46038437
  14.28574753  14.31669044  13.99085808  15.71940899  20.41467476
  24.51312637  32.70346832  23.98687363  13.60923576  11.04289722
  12.78902912  11.76465034  88.13244629  29.74261665  36.55907059
  36.68049622  25.87060547  23.33403587  27.04969597  45.0825119
 144.84880066  53.54313278  10.91912842   5.15775919   4.11486149
   4.11931562   9.3879509   71.94936371  50.88677979  20.25011635
  13.57360554  13.6010313   15.58157539   9.2161274    5.1526022
  10.79770279  15.51242352  11.62845802   9.81879997   9.39052963
  10.63337994  10.48663807  11.98499775  11.80145359  64.84013367
  25.33989716  11.69667149   8.38560677  10.03891277   9.30801678
  14.86662006  34.00562668 103.567276    49.90787506  14.60923576
   5.45804024   3.62025309   2.57501173   5.3989687   36.35302353
  27.8806839   27.52578545  17.20557976  10.87013626   9.27824688
   3.51969051   2.6800282    6.12259722]
11: [ 17.34153366   9.81914234   9.08053017  11.70920658  12.11954689
   8.82260227  12.05189323  15.91427994  17.69825172  14.90947533
  23.17259216  31.93061638  22.19065857  12.97578335  14.89064026
  17.09244728  36.82644653  27.04228401  21.49183083  17.7522583
  14.02364063  10.97059345  15.3073225   24.72016144  18.50662994
   7.70305586   6.09782839   7.75629425  11.25331497  11.56563568
  15.6874876   19.61253166  22.81798935  16.33077049  19.28887177
  35.43878555  27.32135391   9.21487617  10.51989269  17.57063293
  28.46588516  32.84682083  65.29021454 123.40745544  81.71247101
   9.3891983    5.25139332   8.20565033 134.72343445  92.67230225
  50.23505783  32.13626862  11.03574848   4.8994813    6.9494524
  27.80607414  40.91159058  12.68383598   7.7835865   13.57659054
  18.22583199  15.62329388  15.00288296  19.84605026  18.82221794
  16.19200516  25.88545036  55.20584106  46.87776184   9.91677856
   5.8681531   10.34364796  59.92350388  13.68114567  18.62214088
  94.51547241 111.32826996  28.45512199   8.78839111  23.1699028
 140.82049561  48.49048615  11.39765549  12.39996147  15.25273895
   6.80626583   5.57082462  55.40207672  48.19815445  20.25177765
  16.47049713  21.26023483  20.37247658   9.57851219   5.4753027
  11.21103191  11.79992294  10.13857365  16.62194824  37.68441391
  38.54718399  11.69229317   6.61714411   7.53411484  45.21775818
  13.61291599  12.76801872  36.57697296  58.09994125  21.26369476
  12.82221794  26.77436066 105.23851776  42.04016876  13.12454319
   8.03075123   9.20641899   5.69171619   7.35537195  40.18124008
  28.57908821  23.05804253  17.36133003  15.83817005  13.0080719
   5.0409379    4.02306366   9.08475876]
12: [ 14.21120167  12.58999538  11.9841814   13.52629375  14.50277901
  12.12206078  11.42496777  12.78537846  21.72338676  11.44784069
   9.30654144  10.07225323  12.67806721  22.40017128  43.71034622
  42.65647888  15.71590424  12.61372375   9.5837965    8.69709301
  13.55066299  41.09405899  46.71975327  23.86810684  14.49551105
  13.88606262  10.99871731  10.22124863  12.39867496  14.63552761
  13.63958931  13.31787109  48.13424683  18.2518177   14.88029099
  17.17336464  18.60624123  14.9279604   10.7246685   19.64065933
 129.9602356   27.37729836   7.14407873   7.44655848  12.07310772
  37.37708282  81.29521179 119.18961334  19.29264641   7.79414272
   6.67037201  28.62270164 106.48738861 123.79905701  91.72702026
  40.91342545  13.97627163  12.68683243  11.96430111  17.65776062
  40.81893921  35.94399261  17.10025597  13.54724216  49.78046036
  17.1023941    8.81936741  12.47798157  18.24946594  20.25758934
  18.02543831  21.11115837 131.08016968 113.17464447  67.89054871
  33.93544388  13.15861511   9.25737476   9.18918324  34.20991898
  21.22637939  38.98311234  79.81381226 117.2971344  112.18640137
  38.54595947   8.781744     8.85998249  13.69538307  11.91834164
  13.37708378  30.90017128  44.03334808  22.98631859  14.27725506
  13.65348434  15.9283886   13.51881123  10.84544659  11.15091896
  13.90466022  14.45318508  13.32706261  13.97413445  26.11564827
  44.64835358  40.60260773  21.65006447  12.71611786  10.57353592
  10.10303593  12.70350552  14.43672466  23.3631897   44.68276978
  42.87067032  17.21889687  10.22595119  10.14643002  11.75010681
  13.62676334  12.21120167  12.78730202  15.19345856  13.72637844
  11.78003407  11.82043648  13.25609207]
13: [ 12.32659912  13.31527424  12.18304253  10.26017761  11.45607567
   9.04744434   6.94245481   7.86991119  24.99418449  19.20477486
  13.98591995   9.55800438   9.16528893  13.62595654  27.01744652
  28.9127636   16.15763664  17.85368919  14.88031864   8.73859787
   9.06244278  24.32506943  35.5295372   18.03795624  14.6078968
  14.64309788  11.37434959   5.77563524   5.95714712  11.73584366
  15.46862602  12.95622921  38.25987244  14.31772232  11.26629925
  12.58096123  16.81542778  13.16590118   9.07437992  17.20538712
 129.29200745  17.0459137    4.45301485   3.26629925   4.94735241
  25.71288681  79.22865295 117.4839325   22.32782364   6.4937253
   3.59412313   3.02846646  23.31282616 125.8996048  118.73706818
  46.18028641  14.91980457  11.17753315   6.06519747   3.30578518
  10.82063007  55.77135086  60.14110947  25.24181175  51.54943466
  10.26507473   4.7459445    8.28833771  17.85583115  16.82032394
  12.36700344  19.38628769 141.68167114  60.76522827   5.20110178
   2.98224664   5.54729128   9.58922577  12.66544247  54.14171982
  75.16130829  31.21579361  11.26936054  12.08264446  42.12090683
  99.74104309  53.0991745   23.96051407   9.11692715   5.24028158
   3.8714416    5.29537821  21.93663979  73.68503571  61.10896683
  20.32506943  27.40771294   7.60116291   3.18426681   4.24456692
  11.25497437  12.49709225  13.53045654  22.58463478 106.87940216
  43.17539215   6.32108974   2.42271185   3.58310366   4.88950109
   8.74012852  40.87083054  61.24364853  38.72053909  16.56137085
  10.59626579  12.87297249  14.5200491   10.10713196  18.1952858
   8.21426392  10.10529518  10.92072201  11.8631773   19.11355972
  28.66299438  14.59565353   7.57851219]
14: [0.00000000e+00 0.00000000e+00 1.61290320e-03 1.61290320e-03
 0.00000000e+00 0.00000000e+00 0.00000000e+00 0.00000000e+00
 4.83870972e-03 2.41935477e-02 9.83870998e-02 4.03225794e-02
 1.45161292e-02 6.45161280e-03 1.12903230e-02 6.45161280e-03
 6.45161280e-03 2.25806460e-02 5.96774183e-02 4.03225794e-02
 8.70967731e-02 4.19354849e-02 5.48387095e-02 1.12903230e-02
 0.00000000e+00 0.00000000e+00 0.00000000e+00 3.22580640e-03
 8.06451589e-03 9.67741944e-03 2.09677424e-02 0.00000000e+00
 0.00000000e+00 4.67741936e-02 9.67741944e-03 2.90322583e-02
 0.00000000e+00 0.00000000e+00 0.00000000e+00 0.00000000e+00
 6.76371002e+01 8.41435471e+01 1.13493546e+02 5.32225800e+01
 4.37532272e+01 6.04790306e+01 9.98919373e+01 7.70403214e+01
 6.42532272e+01 7.97032242e+01 1.11961288e+02 5.46532249e+01
 4.45177422e+01 6.06822586e+01 9.83370972e+01 7.41096802e+01
 2.25806460e-02 1.45161292e-02 3.22580636e-02 8.06451589e-03
 4.83870972e-03 1.45161292e-02 2.35483870e-01 5.64516112e-02
 0.00000000e+00 3.54838707e-02 0.00000000e+00 3.22580640e-03
 0.00000000e+00 0.00000000e+00 1.61290320e-03 0.00000000e+00
 6.79612885e+01 8.73096771e+01 1.15788712e+02 5.85241928e+01
 4.65967751e+01 6.02516136e+01 9.86322556e+01 7.48451614e+01
 6.42887115e+01 8.45790329e+01 1.15156448e+02 5.78145180e+01
 4.68241920e+01 5.98887100e+01 9.65467758e+01 7.20306473e+01
 2.41935477e-02 5.64516112e-02 1.08064517e-01 1.29032256e-02
 0.00000000e+00 0.00000000e+00 2.58064512e-02 1.45161292e-02
 0.00000000e+00 0.00000000e+00 0.00000000e+00 0.00000000e+00
 0.00000000e+00 0.00000000e+00 0.00000000e+00 0.00000000e+00
 0.00000000e+00 0.00000000e+00 0.00000000e+00 0.00000000e+00
 0.00000000e+00 4.83870972e-03 4.51612920e-02 4.83870972e-03
 1.61290320e-03 1.61290320e-03 0.00000000e+00 0.00000000e+00
 0.00000000e+00 1.61290320e-03 2.09677424e-02 6.45161280e-03
 0.00000000e+00 0.00000000e+00 0.00000000e+00 0.00000000e+00
 0.00000000e+00 0.00000000e+00 0.00000000e+00 0.00000000e+00]
15: [ 13.06434441   6.66077662   4.59276533   4.96049356   8.33088875
   5.38423061   4.51491928   6.72545433  95.18253326  24.51725197
   4.62010336   4.40123367   7.92198706   4.97982979   4.60543442
  16.83213806 158.70928955  30.33889008   0.95932657   0.61193532
   1.33455575   1.0235039    2.57876301  36.26771164  40.47424698
   5.09084845   1.10751796   1.68511415   6.09118176   3.42690444
   4.3903985   13.23803997  18.57276154   9.20553398   6.81313562
   6.79746628  10.84514046   7.93832302   7.15535927  10.20553398
 128.82980347  37.83613968  11.22887135  13.29421616  18.43573952
  10.95915985   6.35839319  14.22470379 181.94432068  56.84263992
   2.11818647   1.46307719   1.97632945   1.15252542   1.38089681
  28.07201195  64.60559845   8.41040134   1.92098677   3.17602944
   8.97999668   4.50425053   3.47857976  10.94399071  18.83697319
  10.09234905   6.82447052   7.5537591   10.88031292   6.99699926
   7.15052509   9.67194557 127.03383636  13.41006851   5.69561577
  10.08668137  18.11318588  14.65894318  12.63994026  40.78813171
 181.73728943  26.8409729    1.28588092   1.00400066   1.94815803
   1.63460577   2.52408743  59.63544083  64.41456604  10.73112202
   3.15935993   4.32322073   8.98433113   3.41473579   2.05934334
   8.80763435  13.74262333   6.89731646   4.70778465   5.0311718
   8.07151222   4.95899296   4.6981163    7.35022497  94.10701752
  17.10768509   4.61876965   4.85047531   7.57592916   4.46691132
   4.85297537  26.09484863 156.85397339  35.37389755   2.45190859
   0.93898982   1.25587595   0.67094517   1.0251708   31.36072731
  40.5252533   13.08884811   4.18136358   3.5062511    6.16419411
   1.87164533   1.21553588   5.16219378]
16: [ 19.55063057   6.44014883   3.89097381   9.19265652  31.6984787
  14.9679718    7.44047213   9.44435501  33.88838577  11.72064018
   5.76868343  26.33225441  94.59689331  26.25169754   5.4977355
   7.77935934 126.77693176  28.87382698   4.21740532   7.57263041
  16.67647934   4.66046572   4.36363649  31.10126114  38.00970459
   7.25541878   2.63927531   4.15723085  11.70106792   7.78130054
   7.32724047  15.93254566  27.45163345  10.61032009   6.16936255
  13.66208363  45.02151489  17.48738289   8.38142967  12.50113201
  51.93901825  15.8785181    7.75202179  53.71934509 141.26965332
  34.74555206   4.04804277   6.50064707 153.99546814  45.30071259
   5.18796492  12.36250401  23.55516052   4.96926546   2.82028461
  27.96651649  56.7423172    9.86784172   3.63862824   6.94111919
  16.94112015  10.02458763   7.12277603  14.49352932  27.95681
  12.81996155   8.04254246  15.07699776  43.76706696  15.07392406
   6.297153    10.80216789  50.08104324   6.18052387   3.76431584
  28.92850304 140.46635437  60.93966293   8.85587215  16.51536751
 153.82691956  28.1552887    2.77806544   4.31041718  23.5299263
  14.35085773   6.16337776  46.7437706   56.18958282  15.07683563
   7.27127123   9.85781288  16.91345787   7.29812336   3.66353941
   9.50177956  20.12924576   9.70996475   7.43836927  13.04464531
  30.39728165   9.27402115   4.31300545   6.79230022  32.26965332
   7.69524431   5.74733114  24.05111694  94.05758667  28.3356514
   6.02992582  11.10659981 124.19120026  32.104496     4.58751202
   4.79407978  18.08460045   8.82449055   4.44467831  27.53235245
  37.78259277  16.70284653   7.59705591   7.66143656  11.74102211
   4.11339378   2.52377868   7.01924944]
17: [9.89462205e-05 2.96838669e-04 2.86944048e-03 1.68208580e-03
 2.77049420e-03 2.96838669e-04 9.89462205e-05 4.94731103e-05
 8.90515978e-04 9.89462249e-04 1.68208573e-02 1.48914065e-02
 4.37837020e-02 2.42418237e-03 7.91569764e-04 7.42096687e-04
 1.48419334e-04 4.94731103e-05 9.89462249e-04 5.44204237e-03
 6.17919154e-02 1.58313953e-03 1.97892441e-04 4.94731103e-05
 0.00000000e+00 0.00000000e+00 0.00000000e+00 0.00000000e+00
 0.00000000e+00 0.00000000e+00 0.00000000e+00 0.00000000e+00
 5.93677338e-04 2.67154793e-03 5.78835420e-02 1.43472021e-02
 1.40503636e-02 1.13788154e-03 1.97892441e-04 1.97892441e-04
 4.35363362e-03 1.24177514e-02 6.51066154e-02 6.48097768e-02
 1.26601696e-01 1.54850837e-02 2.81996746e-03 2.67154793e-03
 7.91569764e-04 4.94731124e-04 1.14282891e-02 3.17122638e-02
 1.01914607e-01 1.10325040e-02 1.18735468e-03 5.93677338e-04
 0.00000000e+00 0.00000000e+00 0.00000000e+00 0.00000000e+00
 0.00000000e+00 0.00000000e+00 0.00000000e+00 0.00000000e+00
 0.00000000e+00 1.48419334e-04 3.61153716e-03 5.44204202e-04
 2.96838669e-04 4.94731103e-05 0.00000000e+00 0.00000000e+00
 0.00000000e+00 7.91569764e-04 1.87997818e-02 5.44204237e-03
 4.26952951e-02 5.44204202e-04 4.94731103e-05 0.00000000e+00
 0.00000000e+00 0.00000000e+00 5.44204202e-04 6.87676249e-03
 4.59605195e-02 6.43150473e-04 4.94731103e-05 4.94731103e-05
 0.00000000e+00 0.00000000e+00 0.00000000e+00 0.00000000e+00
 0.00000000e+00 0.00000000e+00 0.00000000e+00 0.00000000e+00
 0.00000000e+00 0.00000000e+00 0.00000000e+00 0.00000000e+00
 0.00000000e+00 0.00000000e+00 0.00000000e+00 0.00000000e+00
 0.00000000e+00 0.00000000e+00 0.00000000e+00 0.00000000e+00
 0.00000000e+00 0.00000000e+00 0.00000000e+00 0.00000000e+00
 0.00000000e+00 0.00000000e+00 0.00000000e+00 0.00000000e+00
 0.00000000e+00 0.00000000e+00 0.00000000e+00 0.00000000e+00
 0.00000000e+00 0.00000000e+00 0.00000000e+00 0.00000000e+00
 0.00000000e+00 0.00000000e+00 0.00000000e+00 0.00000000e+00]
18: [ 38.35990524  15.48461533   7.20116568   7.66200447  12.30722618
   4.39440536   2.86596727   6.81888103 135.44755554  31.35827446
   3.75314689   4.38578081  17.82028008   7.67762232   3.41585088
  26.86829758  31.39370537   6.00489521   4.0939393   24.95524406
 107.61864471  28.21748161   4.37505817   9.20163155  13.5494175
   7.32657337   6.33589745  13.47762203  35.65291214   9.75850773
   3.83170152   5.45221424  55.68041992  13.33706284   7.14079237
  10.43613052  17.53985977   7.19393921   3.82307696   8.66526794
 156.75688171  25.47016335   2.34428906   4.09650373  24.81468582
  12.28531456   3.86853147  41.30303192  49.47296143   4.72051287
   2.71958041  27.32167816 147.3319397   54.89487076   5.30372953
  13.43473148  19.0235424    9.53985977   6.8414917   14.8172493
  49.46666718  14.79603767   5.75804186   8.57762241  55.80839157
   8.81491852   3.67086244   7.40046597  17.70139885   9.91818142
   6.70069933  12.74638653 156.6932373   41.11631775   3.43962693
  10.0668993   24.35920715   4.52797222   2.24592066  24.68717957
  51.42634201  13.42144489   4.76969719  45.40676117 147.65290833
  34.27598953   2.94638705   5.05874109  18.82331085   8.23449898
   5.07319355  12.45384598  51.14941788  17.81375313   7.63310003
  10.1463871   38.7559433    6.73939371   2.54685307   4.22750568
  12.05034924   7.84848499   7.17459202  14.55734253 139.67552185
  27.7319355    2.97785544   6.13333321  16.15967369   4.24172497
   3.61375284  30.95617676  34.34312439  10.01934719   4.22890425
  25.18484879 108.01468658  27.54405594   4.23240089   6.21048927
  13.55268097   5.128438     3.51794863   9.55151558  37.78927612
  15.55174828   6.58158493   7.628438  ]
19: [ 17.0994606   14.73636913  12.90293598  14.63211536  13.39274979
   8.67405605   8.6845417   12.07639313  38.39454651  16.8795681
  10.64379883  11.73337364  12.54853249  13.73936462  24.1027565
  45.78639984  24.51797485  12.59107208   9.69412804  13.24745369
  21.66986275  27.19382858  32.75284576  36.5104866   12.40203762
   9.85560226  10.691432    16.88915443  21.21000671  14.72138977
  13.15817833  13.44847202  45.42450714  21.86399078  18.66177368
  21.85110855  18.42390633   9.97423649   7.28609943  15.5817852
 133.44906616  25.50119781   7.10395432   8.06800461  12.70281601
  22.07459641  45.07549286 106.88316345  27.36129379   7.3136611
   7.52666283  35.67045975 103.15578461  87.80587006  59.47663116
  48.00479507  13.17825031  13.71240234  18.16267204  32.41252136
  44.97603226  21.53325272  11.72618294  11.6770525   61.46584702
  14.30527306   8.88406277  16.0497303   19.6983223   14.1027565
  13.09466743  26.9469738  136.58987427  68.36878204  16.23247528
  28.36219215  19.55662155   6.5497303    7.92360687  50.53984451
  33.55512238  22.97962761  24.13451195 111.32025146 124.2579422
  29.09137154   6.58927488   8.48801708  15.05212688  14.27171993
  17.53804588  39.38286209  49.55482483  15.6491909    8.97243881
  11.77171993  44.53055573  12.17465591   5.18603945   7.26872396
  11.61294174  11.06680679  14.68933487  35.61473846  96.38555908
  38.40952682  16.46974182  26.03744698  22.38196564   8.12103081
   9.66027546  47.1243248   14.90383434  13.00599194  18.42510414
  68.06141663  80.28490448  23.75045013   8.05482292   8.38556004
  14.54313946   9.54703426   9.85650063  21.77920914  28.60665131
  15.19023323  10.82744122  13.1309166 ]
20: [ 52.72439575  24.3519249    7.03750801   5.31115437   6.35388136
   2.86921072   2.20678401  10.58708382 134.31703186  45.00456619
   5.32713652   2.19047618   2.58904099   2.6516633    4.74168301
  48.2090683   55.09132385  22.61056709  12.37345028  11.72276592
  15.25864315  13.9135685   14.6232872   33.35942459  12.63078976
  10.62393951  10.04729271  10.9977169   15.31963444  11.80267429
   9.06099129   9.54794502  83.30821991  20.55251122   6.02315712
   6.23352909   8.60437012   4.99119377   3.67579913  16.01989555
 157.35746765  33.44194412   3.12557077   2.42889762   4.43737745
   6.68493128  11.38486671  92.01793671  66.14089966  15.09165001
  11.35420704  23.55870819  49.66960144  47.20613098  33.57762527
  50.76744843  16.33920479  14.7906065   13.53489876  15.85388088
  21.50032616  16.49510765  13.51663399  13.4827137   83.31278229
  16.1699276    3.25472927   4.41389418   8.76712322   7.15101099
   6.95727348  19.98630142 157.12687683  90.83235168  10.25766468
   5.7289629    4.32191801   3.00880623   3.57175469  33.61904907
  69.82550812  48.80234909  30.10502243  41.56229782  50.48401642
  27.87410355  12.37051487  15.80136967  16.00326157  11.69797802
  11.38812828  14.98206139  22.5864315   18.45270729  14.40769768
  15.44194412  52.49086761  10.87345028   2.23939991   2.60013056
   6.92987585   6.56131744   7.27788639  23.00848007 137.41291809
  54.12393951   4.95205498   2.29158521   2.57142854   2.67873454
   5.1464448   40.95368576  61.64709854  39.37084198  15.03359413
  12.71330738  15.11872101  11.5714283   10.86921024  20.61448097
  12.27886486  10.00032616   9.22700596  11.6996088   15.90867615
  11.77462482   9.30365276  10.16960239]
21: [ 15.62300873   7.91179943   5.91032457  25.35752296  80.68466187
  21.1324482    4.32005882   4.98112106  86.46194458  26.66814232
   8.63569355  13.77168179  27.98053169  10.88967514   8.50265503
  30.01740456  37.61504364  15.16165161   9.76814175  16.64896774
  42.57934952  23.09056091  12.50973415  19.2955761   21.84719849
  12.90442467   8.8828907   11.49645996  18.81445503   9.5262537
   6.6324482   10.13392353  27.59764099   5.85309744   4.31445408
  35.10472107 120.29262543  34.2769928    3.98820066   6.20530987
 133.26489258  22.60088539   4.50766945  12.05309772  37.70914459
  19.19823074  17.06312752  65.13274384  48.42861176  10.32271385
   7.51740408  26.91091537  88.26076508  62.13716888  27.4321537
  29.12654877  30.43274307  17.28584099  11.15575218  14.6486721
  27.65398216  15.01150417  10.64572239  15.94454288  27.17551613
   5.66902637   3.33598828  30.84660721 121.13835144  38.44100189
   4.75132751   6.20206499 133.46931458  63.7439537   15.57286167
  16.96873093  38.0710907   13.65339279   5.07050133  23.24041367
  49.2528038   28.76637077  25.58377647  57.21770096  89.78053284
  30.42684364   8.48672581  10.82566357  30.3118      15.2657814
   9.71533966  13.37817097  28.27256584  16.598526    12.09587002
  17.82890892  15.52684402   5.06135702   4.0474925   20.05545807
  82.66696167  26.74926186   6.4949851    7.73805332  88.03392029
  30.39852524   8.27994061   9.8970499   28.5460186   15.35634232
   9.81946945  26.12064934  38.85191727  19.97846603  12.41061974
  21.18613625  42.53362656  19.40855408  10.7516222   15.04454231
  21.84955788  10.35398197   6.62359905   9.14159298  19.3982296
  13.20029545   9.37168121  12.02005863]
22: [ 28.04717255  12.06748199   7.41646671   9.40380001  18.15287209
  12.63856697  10.1297226   15.61672878  40.39069748  20.46036339
  13.07643604  20.90696716  39.03559875  18.29526138  12.73531342
  18.48744202  81.24263     27.68333626   8.36012268  10.61301613
  27.70757866  17.72919846  14.5933609   30.81305885  16.10307884
   5.75212908   4.89211607  18.73007202  72.80628967  30.04651642
  10.51364899  10.08080387  39.82157516  17.83402443   9.9554491
  13.50993633  25.74186516  16.49115562  13.06879234  21.68967056
  52.69469452  30.57851028  27.21380234  57.34527206  84.25660706
  30.64468193  10.00021839  13.15898705 132.10679626  62.20135498
  16.          17.7968998   36.25551605  15.76457787   8.22428513
  28.98514938  26.51037407   5.97554064   4.31142187  32.49006271
 113.05284882  42.40510941   8.30377769   8.40947819  40.18257141
  21.04149437  11.50425816  14.1447916   24.94518471  14.9923563
  11.91613865  19.55426979  50.8766098   12.81917477   8.65953255
  26.43393707  83.15046692  63.10853958  30.80039215  31.96265602
 131.12623596  26.99213791   7.93077087  15.67875099  36.12142563
  18.99978256  18.27363968  64.74273682  25.97182846   7.76239347
   7.67918777  42.47586823 112.30181122  31.95064354   4.58702755
   6.31906509  28.21904373  16.29089355  10.42127132  11.92946053
  17.25922775   9.04935551   7.37257051  12.33697319  38.85979462
  19.39004135  13.20572186  18.12142372  38.50469589  20.54051018
  12.94671345  20.18803215  77.06791687  29.62306213  14.2362957
  18.52216721  28.18322754  10.71827888   8.54182148  26.77396774
  15.33719158   9.80585289   9.63572788  29.85673714  72.46582031
  18.50556946   4.64773989   5.27997398]
23: [ 25.79288101  23.7278614   17.12209511  14.08414268  11.59958839
   4.5013237    3.16828489   7.45984125 100.86878204  41.12150574
  12.42071152   6.24007082   4.24595451   2.82494855   6.21771097
  41.85995865  55.74992752  17.07443428  10.82936192  18.56251907
  18.9947052   12.65342712  16.70079422  37.45248413   8.25154495
   7.93174458  15.04501343  32.39482117  24.32362366  12.86996174
  10.5592823    9.91320992  49.39011383  20.46043015  15.20064735
  19.52427101  19.28802681   9.16034126   4.53103876   9.28214169
 140.05795288  54.07502365  13.58428955  10.91026783   6.72462511
   3.32391882   4.94763184  60.38540649  71.73521423  21.53427505
  42.47955322 103.66166687  57.7199173   14.12003517  10.46719646
  31.01323891  11.63430405  20.25095558  51.59605789  74.98705292
  28.76081276   6.63047934   3.99970579   6.72315407  38.657547
  15.58311272   8.21447468  14.01206207  19.08325958  14.50779629
  12.12062359  14.61488628 130.71226501 115.79935455  75.22241974
  26.48102379   5.4374814    3.94233608   4.89173269  18.01765251
  24.49190903  45.98881912 112.01147461 127.34039307  29.59311485
   3.38187695   3.80052948   7.59017372  17.65195656  24.63783455
  49.20241165  54.00764847  13.10473633   4.29626369   7.19093847
  14.25095654  12.60782623   7.93233299   6.61488676   8.85731125
  13.0241251   12.4986763   13.60606098  13.51662254  26.61782837
  28.88378906  26.57869911  13.26507759   9.93350983  11.2427187
  14.93909931  20.35951805  18.84142303  19.58399582  33.72374344
  24.18711472  10.09179211   9.5048542   15.61429787  19.90350151
  16.45807648  13.79405689  14.57605171  12.52574253   7.06649017
   6.44660187  11.96646118  16.73786354]
24: [0.00000000e+00 0.00000000e+00 0.00000000e+00 0.00000000e+00
 1.12612615e-03 1.53153151e-01 2.29729727e-01 3.15315314e-02
 5.28265762e+00 1.35135138e+00 1.65090096e+00 8.04054081e-01
 1.61711717e+00 1.02432432e+01 5.62207222e+01 2.58772526e+01
 5.09797287e+00 1.46396399e+00 1.71058559e+00 7.11711705e-01
 1.63738739e+00 1.07522526e+01 5.77229729e+01 2.50045052e+01
 0.00000000e+00 0.00000000e+00 0.00000000e+00 0.00000000e+00
 2.25225231e-03 0.00000000e+00 2.13963967e-02 4.50450461e-03
 7.09459484e-02 2.36486495e-02 5.63063053e-03 6.75675692e-03
 8.44594613e-02 2.47747749e-01 2.30855852e-01 7.43243247e-02
 5.21013527e+01 1.37871618e+01 1.28502254e+01 6.74211693e+00
 1.73603611e+01 7.91835556e+01 1.94719589e+02 1.59981979e+02
 4.93536034e+01 1.40653152e+01 1.37184687e+01 6.84684706e+00
 1.78096848e+01 8.15979767e+01 1.94621628e+02 1.56016891e+02
 0.00000000e+00 0.00000000e+00 0.00000000e+00 2.25225231e-03
 4.05405387e-02 7.88288265e-02 1.70045048e-01 1.12612611e-02
 2.01576576e-01 5.40540554e-02 4.50450461e-03 6.75675692e-03
 1.88063070e-01 1.49774775e-01 2.47747749e-02 2.70270277e-02
 2.78952694e+01 7.91441441e+00 6.13288307e+00 3.35247755e+00
 8.63626099e+00 3.40968475e+01 9.93445969e+01 7.91002274e+01
 2.58108101e+01 7.31981993e+00 6.38851357e+00 3.81531525e+00
 9.21959496e+00 3.53896408e+01 9.96903152e+01 7.67702713e+01
 0.00000000e+00 0.00000000e+00 1.12612615e-03 6.75675692e-03
 2.81531531e-02 8.33333358e-02 2.59009004e-02 0.00000000e+00
 4.50450461e-03 0.00000000e+00 0.00000000e+00 0.00000000e+00
 1.35135138e-02 9.00900923e-03 3.37837846e-03 0.00000000e+00
 5.06756753e-02 6.75675692e-03 0.00000000e+00 2.25225231e-03
 2.25225231e-03 1.12612615e-03 0.00000000e+00 2.25225231e-03
 1.01351347e-02 1.12612615e-03 0.00000000e+00 1.23873875e-02
 2.13963967e-02 2.25225231e-03 0.00000000e+00 0.00000000e+00
 0.00000000e+00 0.00000000e+00 0.00000000e+00 0.00000000e+00
 2.25225231e-03 0.00000000e+00 0.00000000e+00 0.00000000e+00]
25: [ 25.26919937  20.97736549  12.7291832    9.5359745   10.04810047
   3.05941796   1.90864992   5.33346796 119.24494934  42.5056572
   8.41915894   3.42805171   3.07962823   1.03233635   2.14147139
  38.62490082  84.97857666  21.70816422   5.9183507    4.90986252
   7.36903811   5.58003235   8.38035583  34.58164978  11.90743732
   8.29143047   5.62085676   6.21826982   8.38035583   8.15400124
   8.08164883   8.78577232  49.67784882  15.14834309  10.03314495
  12.05012131  14.45513344   6.85246563   4.45836687  10.29183483
 150.17744446  49.55739594   7.56628942   3.61115599   3.59781718
   2.2190783    3.77687955  66.50727844 113.67865753  34.56386566
  31.3920784   19.04607964  17.02586937  11.8924818   12.03112411
  42.62732315  17.87792969  19.39531136  22.30315208  12.54931259
  11.0747776    8.13742924   7.23443794   8.72150326  38.25828552
  14.58488274   5.55214214   7.88035583  12.52667713  10.47413063
  11.45715427  12.78577232 144.72918701 129.64915466  42.24090576
   4.7966857    2.68512535   3.08286166   5.56548119  19.69927216
  56.02748489 120.35852814 109.49272156  27.79062271   7.14227962
   3.9620049    3.30719471   7.77526283  21.97413063  48.80274963
  56.41188431  15.51818943   6.83548927   4.63864183   4.3164916
   6.13823748  12.59417915   7.83104277   4.72392893   4.69765568
   7.9381566    7.9240098   10.5359745   11.04082489  41.08407593
  47.80032349  17.29183578   4.48423624   4.43573141   6.32538414
  11.02991104  17.72999191  39.3011322   69.3589325   42.52304077
   6.05052567   2.35206151   3.78415513   8.81851292  12.92603111
  22.5359745   42.94906998  33.74211884   7.78496361   3.2190783
   2.81366205   5.51050949   6.87833452]
26: [ 15.13235664  14.19828224  11.75145245  10.44379902  12.42232895
   8.60899258   6.1730237    7.36094952  34.07855606  19.44051552
  11.7678709    9.45895386  13.08082867  18.36524391  22.0452137
  29.19651413  14.97524643  13.53170013  11.46956348  12.26168251
  24.03915215  35.          22.8888607   14.15130043  14.4326849
  14.27229118  10.55897999   8.37282181  12.55114937  11.60873985
   8.6501646    8.89568043  38.31245422  14.48219204  12.53801441
  13.94316769  19.08360672  14.07224083   7.80525398  13.01768112
 134.77645874  19.40464783   5.05203342   3.74185395  11.66683483
  35.33266068  51.78302765 100.11366272  24.19070435   5.98181343
   3.48143482   7.10078287  93.54786682 128.69891357  60.74488449
  32.02425003  17.9340744   15.89795399   9.41854      9.04016209
  32.11720276  34.23793793  13.86410713  12.19929314  48.61101151
  10.34074306   5.4804244    9.10128784  21.12553596  19.29931831
  11.42965412  14.9967165  143.05076599  54.63904953   3.86309671
   4.6716342   17.87370491  13.35791874   7.83758545  40.07299805
  59.33644867  19.48901176   5.12250566  18.87345314 132.77114868
 103.65597534  11.15054321  10.5438242   13.71583748   9.83834267
   5.23920202   9.07678699  63.77064896  56.9444313   15.03940392
   9.80222321  28.21798515   9.21672153   3.92649651   5.27557468
  15.36069679  14.32432461  10.75372601  15.17226601 121.86991882
  49.86410522   5.82470322   3.66936088   9.01818657   6.45213461
   6.00202084  30.26067162  51.88052368  29.13538742  10.53776169
  19.0376358   83.5319519   47.16746521   7.3008337    8.79413986
   8.45112419   5.04521322   4.02222776  11.07754517  59.17302322
  46.70901871  11.58954239   6.56782007]
27: [ 20.73350525  16.0870018   14.87854767  15.94884968  14.82167435
  13.06796646  15.57433128  19.13383102  20.08209801  22.9186039
  33.12028503  37.79773331  25.74343109  17.190588    18.31040573
  19.77215958  34.63295746  33.9008522   28.23181152  21.89606476
  18.22527122  17.541399    21.20261574  26.47144699  20.40990257
  11.95644093   9.79609966  10.80485821  14.05500412  18.61018372
  22.70862961  23.97430801  25.69753647  20.49748993  20.70232391
  29.27840805  33.12367249  19.74716759  17.44318581  22.18603325
  27.50122643  38.39939117  68.45147705 104.86885071  89.87014008
  32.04893112  11.90762615  12.48207378 127.00198364  93.0629425
  50.21686172  29.70594406  13.6323719   11.87352562  14.84351254
  41.34333801  43.78091812  14.00140095   9.60971642  16.07380676
  23.17353821  28.10066605  26.27490425  26.84222794  26.47133064
  20.38771439  16.52820206  19.62524796  32.82949829  29.56428909
  21.84760094  22.16921616  27.28996849  11.53357506  10.81910515
  30.62221146  87.85519409 105.3772049   72.94802856  41.11970139
 126.33563232  38.40499878  14.65981579  11.83101749  13.52189636
  30.47401619  54.43933105  95.67815399  42.33528137  25.47938728
  26.44003296  28.00058365  23.1768074   16.28436279  10.12343788
  14.94756508  21.59523582  18.45941925  15.74740124  13.43746376
  14.44038296  15.28342915  15.06329536  17.43664551  20.96870232
  19.31589317  19.36634445  18.02685928  23.67137718  35.96286392
  33.52493286  24.43559456  31.79504776  24.91124535  22.21931648
  19.29744339  18.63202095  21.89910126  28.31484222  33.13873672
  18.99404335  22.6386776   22.99124146  19.70617867  14.57164574
  10.81922245   9.49211693  11.69484997]
28: [ 23.76581955  14.45107651  10.1060009   11.75929546  15.41259003
   6.84735823   4.27266788   8.3003912   71.75473022  25.3496418
   9.66405773   9.14448833  13.98858452  11.74461842  13.51761246
  35.82093811  53.76875305  24.38584518  10.02609253  15.95172882
  37.85811996  23.5097847   15.44716263  24.28310585  77.04892731
  27.34050941   6.75994778   6.6170907   10.66307926   7.05968666
   7.46640587  25.98760605  43.66536331  14.06425285  10.19797802
  15.42726707  21.80593681  11.49902153   5.92824507  11.62263489
 130.35877991  24.8789959    5.12426615   6.44487953  15.85779476
  20.9135685   25.71656799  76.42237091  62.92008972  16.8692112
   5.90900183  24.11904716  94.04272461  74.77593231  33.08284378
  35.14188004 111.35257721  39.28538895   6.36431837   6.99380302
  16.72146034   9.42987633   7.43672514  37.36660004  44.46444702
  10.97358131   5.33170271  10.38356209  21.41715622  16.51043701
  11.43672562  15.10013008 131.57762146  71.10991669  21.22733116
  18.00130463  16.27886581   7.71363354   6.06621027  27.22537422
  63.26940536  32.57501602  28.00097847  66.48760223  97.76125336
  31.50358772   6.86790609  15.99315071 110.25048828  38.63144302
   6.72863674   8.17645168  17.85583878   8.65590382   6.58806276
  36.26810074  24.48630142   8.2560339    3.99902153   6.34246588
  14.94618416  12.3597517   10.53913879  15.48401833  75.97912598
  34.67840958  12.26320934  10.59654236  13.12948513   9.39432526
   9.36529636  26.3864975   51.0466423   23.11513329  14.18330097
  22.81311226  41.42661285  18.99119377  10.52185249  22.30626297
  73.01337433  26.56555748   6.97586441   6.29712963  12.22537518
   8.28734493   6.99608612  25.37866974]
29: [ 10.57466507   8.84492683   9.9907465    8.77377129   7.45500946
   4.66560316   4.55169106   7.33088684  32.21697617  14.11295509
  11.61423111   7.39470339   4.76579428   4.56094456  17.67134666
  48.14486313  40.06892014  10.47319698   9.03477955   4.01212502
   1.99329925   4.9045949   44.23069382  77.17485809  24.32195282
   5.76898527   5.35992336   2.7536695    2.7013402    6.86630487
  37.7249527   50.9553299   33.78398132  10.6940012   10.53318405
  10.33982086  10.75590324   7.31844282   5.87555838  16.04275703
 139.94543457  16.1793232    5.1065731    3.13401413   2.76834726
   4.02233553  47.91384888 137.03222656  53.60497665   6.82418633
   3.13178039   3.41959167   5.94160795  20.34141731 110.13210297
 129.3031311   20.10593414   5.92724943   4.35322285   4.2945118
   6.23739624  12.90778542  58.56030655  52.87108994  48.908741
   9.24952126   3.98085523   6.61614561  12.30727482  10.02999401
   8.89087391  16.99649048 150.3031311   62.89598083   2.97702622
   1.99074662   3.2501595    3.17389917   7.66528416  57.64518356
 111.31174469  40.58742905  11.83503532  10.99170399  14.52871704
  15.16209316  32.00989151  37.85162735  14.80025482   8.63082314
   8.26132774   8.19049168  10.16879368  10.72271824  20.36439133
  16.6151886   27.42565346   5.31397581   1.6997447    2.95213795
   8.6962347    7.47543097  11.50127602  25.05456352 117.42182159
  37.37842941   2.20963621   1.20644546   2.81142306   2.73548174
   7.96968746  45.74154282  79.28845215  33.94001389   8.95883846
   5.45469046   6.32578182   4.34811735   5.50351     19.96458244
  10.03860855   8.35290337   8.35577583   7.6024251    7.84237385
   5.25271225   5.35513735   6.85800886]
30: [ 29.65515137  16.73904991  11.90098667  13.86397266  15.67890167
   4.80166578   3.3713758    8.43399143 125.44756317  34.8803215
   7.28069115   6.27267122   8.75508976   3.14959908   4.4481802
  45.72887039  53.71776581   9.81585407   7.82850075  48.43244934
  85.31400299  16.77976608   8.95681667  26.00647736   7.76341772
   6.22054291  11.33991337  45.56847763  59.21560669  10.46175194
   3.65206671   4.75323868  49.59315109  15.46422005  11.27267075
  18.45897675  20.59130096   8.30289936   4.63078356  10.16964817
 145.6678009   38.15391922   6.76218367  12.23195553  17.90376282
   4.33281946   3.19710064  52.83683014  62.46175385  10.11998749
  10.08204842 100.73535156 133.50154114  17.05552101   4.3723011
  18.38957405  13.60148048  10.12492275  14.27513885  53.57001877
  61.05490494   8.1276989    4.40314627   8.94663811  42.75724792
  11.16748905   5.85070944  12.22393608  17.77051163  12.36674881
  12.40376282  16.64497185 141.74830627  87.5428772   35.29179382
  33.16872406  13.33528709   3.26033306   4.92134476  24.57402802
  28.44386101  28.39173317  43.33744431 125.35132599 104.47007751
   8.64528084   3.64404678   5.72547817  17.75879097  10.29981518
  10.65792751  31.35502815  33.0690918    9.51079559   8.97223949
  14.76341724  18.75416374   7.2520051    4.82233191   6.46360254
  10.37014198   9.24120903  12.2088213   16.56847572  48.08729172
  30.00277519  17.7128315   17.89512634  13.3072176    7.50277615
  10.27297974  22.88988304  14.50030804  12.94201088  18.79487991
  38.11597824  31.94571304  12.58050632  10.01480579  11.57927227
  14.33004284   7.00400972   6.77760649  11.73997498  13.75447273
   8.77020359   9.35410213  12.86243057]
